kinematics:
  shoulder:
    x: 0
    y: 0
    z: 0.1624211865265305
    roll: -0
    pitch: 0
    yaw: -7.786350360999839e-08
  upper_arm:
    x: 8.574974064095954e-06
    y: 0
    z: 0
    roll: 1.571075599329498
    pitch: 0
    yaw: -9.583758735746319e-06
  forearm:
    x: -0.4250457331795979
    y: 0
    z: 0
    roll: 3.134551563171383
    pitch: -3.139878705214871
    yaw: 3.141571039821601
  wrist_1:
    x: -0.3924612897481802
    y: 0.0009531547603067306
    z: 0.1328359580373704
    roll: 3.134417349428089
    pitch: -3.140432957175677
    yaw: -3.141576254081563
  wrist_2:
    x: 6.369572219630267e-05
    y: -0.09971566592024965
    z: 2.328866071627555e-05
    roll: 1.570562776127828
    pitch: 0
    yaw: 8.695789228671535e-06
  wrist_3:
    x: 6.586963964308431e-05
    y: 0.09941276596705305
    z: 4.947750698676245e-05
    roll: 1.571294024474065
    pitch: 3.141592653589793
    yaw: -3.141592640963367
  hash: calib_9845173606508683531